0 0.31015625 0.97734375 0.01875 0.02109375
0 0.3890625 0.99140625 0.025 0.0171875
0 0.47109375 0.99140625 0.0296875 0.0171875
0 0.3390625 0.73125 0.02578125 0.01953125
0 0.46171875 0.746875 0.02578125 0.01640625
0 0.24296875 0.67578125 0.0234375 0.01875
0 0.00546875 0.225 0.0109375 0.0203125
0 0.0328125 0.23359375 0.01328125 0.01796875
0 0.01953125 0.3453125 0.0125 0.01796875
0 0.17265625 0.33828125 0.02109375 0.01640625
0 0.07578125 0.3421875 0.0171875 0.0140625
0 0.07421875 0.38984375 0.0203125 0.01328125
0 0.0484375 0.63125 0.01328125 0.0203125
0 0.03203125 0.69921875 0.01953125 0.0125