0 0.08671875 0.89609375 0.01640625 0.01328125
0 0.98671875 0.928125 0.0234375 0.0140625
0 0.93046875 0.8390625 0.01328125 0.021875
0 0.91484375 0.79609375 0.025 0.01484375
0 0.8921875 0.79453125 0.0265625 0.015625
0 0.9078125 0.5984375 0.01484375 0.01875
0 0.91640625 0.56953125 0.01875 0.01484375
0 0.84140625 0.52265625 0.02421875 0.0140625
0 0.9296875 0.4734375 0.02734375 0.01484375
0 0.7875 0.43046875 0.02265625 0.015625
0 0.41015625 0.6234375 0.02265625 0.0125
0 0.38125 0.71484375 0.01953125 0.015625