0 0.02734375 0.16484375 0.02265625 0.01328125
0 0.05 0.1546875 0.02421875 0.01171875
0 0.1359375 0.14296875 0.01640625 0.02109375
0 0.16640625 0.13203125 0.01484375 0.021875
0 0.371875 0.1734375 0.02421875 0.01640625
0 0.340625 0.22109375 0.02421875 0.015625
0 0.3359375 0.25625 0.015625 0.02421875
0 0.3421875 0.3078125 0.02578125 0.0140625
0 0.36328125 0.31640625 0.02265625 0.01328125
0 0.296875 0.33671875 0.015625 0.021875
0 0.25390625 0.3921875 0.02421875 0.01640625
0 0.2453125 0.30703125 0.025 0.01953125
0 0.26484375 0.278125 0.0265625 0.01484375
0 0.1796875 0.44296875 0.01640625 0.02578125
0 0.23984375 0.475 0.02265625 0.01484375
0 0.11328125 0.471875 0.015625 0.02265625
0 0.46328125 0.08125 0.02734375 0.0171875
0 0.5890625 0.0765625 0.02265625 0.01640625
0 0.5078125 0.13203125 0.01640625 0.01953125
0 0.63671875 0.05078125 0.01484375 0.01796875
0 0.7015625 0.0765625 0.015625 0.02265625
0 0.76015625 0.01328125 0.025 0.0140625
0 0.8234375 0.0515625 0.02265625 0.0140625
0 0.83203125 0.11640625 0.025 0.0125
0 0.7171875 0.12890625 0.02265625 0.01640625
0 0.7453125 0.12421875 0.02265625 0.01484375
0 0.71484375 0.378125 0.02265625 0.0265625
0 0.7765625 0.43515625 0.01640625 0.02421875
0 0.784375 0.47578125 0.025 0.0171875
0 0.69765625 0.453125 0.0234375 0.0140625
0 0.71015625 0.44296875 0.02265625 0.01328125
0 0.6921875 0.5546875 0.015625 0.021875
0 0.66640625 0.59765625 0.025 0.015625
0 0.7234375 0.5953125 0.01484375 0.021875
0 0.7 0.653125 0.02421875 0.01640625
0 0.6109375 0.63828125 0.02578125 0.015625
0 0.6046875 0.615625 0.02421875 0.01640625
0 0.6 0.48828125 0.01875 0.02578125
0 0.49609375 0.44765625 0.02265625 0.015625
0 0.51015625 0.41875 0.02578125 0.0140625
0 0.48359375 0.3234375 0.01640625 0.025
0 0.5203125 0.36171875 0.02421875 0.0171875