0 0.86328125 0.98046875 0.01484375 0.02578125
0 0.8796875 0.90703125 0.0203125 0.0140625
0 0.72578125 0.93671875 0.02421875 0.01328125
0 0.7234375 0.86015625 0.021875 0.0171875
0 0.66875 0.79453125 0.025 0.01328125
0 0.6046875 0.90078125 0.01484375 0.02578125
0 0.61875 0.91796875 0.02421875 0.0140625
0 0.58515625 0.87578125 0.01640625 0.0234375
0 0.3046875 0.8609375 0.01875 0.021875
0 0.3171875 0.88046875 0.01953125 0.0171875
0 0.75859375 0.02578125 0.01484375 0.0234375
0 0.8640625 0.04375 0.0171875 0.02265625
0 0.7515625 0.1609375 0.02421875 0.01484375
0 0.77578125 0.18125 0.028125 0.015625